Student Learning Dimension Scores : Sheet1
Student number
Learning Dimension
Week 1	Week 2	Week 3	Week 4	Week 5	Week 6	Week 7	Week 8	Week 9	Week 10	Week 11	Week 12	Week 13	Week 14	Week 15	Week 16	
Normalized Score
Felderman Raw Score
1	AR	0.35	0.4	0.4	0.3	0.35	0.35	0.3	0.4	0.3	0.4	0.3	0.4	0.3	0.4	0.4	0.4	0.36	-3
1	SI	0.3	0.3	0.25	0.3	0.25	0.3	0.25	0.25	0.2	0.3	0.2	0.2	0.3	0.2	0.3	0.2	0.27	-5
1	VB	0.65	0.75	0.65	0.7	0.75	0.7	0.65	0.65	0.75	0.65	0.75	0.75	0.75	0.75	0.75	0.7	0.09	-9
1	SG	0.3	0.2	0.3	0.25	0.25	0.2	0.25	0.25	0.2	0.3	0.2	0.25	0.2	0.2	0.25	0.25	0.27	-5
2	AR	0.7	0.75	0.75	0.75	0.75	0.75	0.75	0.8	0.7	0.75	0.7	0.8	0.75	0.7	0.75	0.75	0.77	7
2	SI	0.5	0.5	0.5	0.5	0.5	0.55	0.55	0.5	0.5	0.55	0.55	0.55	0.5	0.45	0.45	0.45	0.50	1
2	VB	0.15	0.2	0.15	0.25	0.25	0.15	0.25	0.2	0.15	0.15	0.2	0.25	0.2	0.2	0.25	0.2	0.18	-7
2	SG	0.75	0.75	0.7	0.75	0.7	0.75	0.65	0.75	0.75	0.7	0.75	0.65	0.65	0.75	0.75	0.65	0.68	5
3	AR	0.35	0.3	0.3	0.4	0.4	0.3	0.35	0.3	0.3	0.35	0.3	0.3	0.4	0.35	0.4	0.4	0.36	-3
3	SI	0.2	0.2	0.15	0.25	0.2	0.25	0.25	0.2	0.15	0.25	0.2	0.15	0.25	0.2	0.25	0.2	0.18	-7
3	VB	0.2	0.25	0.25	0.2	0.15	0.25	0.2	0.2	0.15	0.15	0.15	0.25	0.2	0.2	0.2	0.15	0.18	-7
3	SG	0.2	0.25	0.15	0.15	0.15	0.15	0.25	0.2	0.25	0.2	0.25	0.15	0.15	0.25	0.25	0.2	0.18	-7
4	AR	0.5	0.5	0.45	0.45	0.45	0.5	0.45	0.4	0.4	0.4	0.5	0.4	0.5	0.5	0.4	0.45	0.45	-1
4	SI	0.15	1	0.35	0.5	0.5	0.5	0.1	0.35	0.45	0.1	0.1	0.75	0.15	0.15	0.45	0.25	0.50	1
4	VB	0.85	0.7	0.7	0.15	0.35	0.4	0.4	0.4	0.75	0.3	0.55	0.35	0.7	0.45	0.05	0.45	0.45	-1
4	SG	0.2	0.15	0.15	0.25	0.15	0.15	0.25	0.15	0.15	0.25	0.15	0.15	0.25	0.25	0.2	0.15	0.18	-7
5	AR	0.35	0.35	0.4	0.3	0.3	0.4	0.35	0.4	0.3	0.4	0.3	0.35	0.3	0.35	0.35	0.3	0.36	-3
5	SI	0.3	0.35	0.4	0.3	0.35	0.35	0.4	0.3	0.35	0.4	0.35	0.3	0.4	0.35	0.4	0.3	0.36	-3
5	VB	0.65	0.55	0.6	0.55	0.6	0.6	0.55	0.6	0.65	0.6	0.55	0.65	0.65	0.6	0.6	0.55	0.59	3
5	SG	0.75	0.65	0.7	0.75	0.65	0.65	0.65	0.65	0.65	0.75	0.65	0.75	0.65	0.7	0.7	0.65	0.68	5
6	AR	0.35	0.8	0.6	0.35	0.55	0.3	1	0.35	0.35	0.25	0.35	0.15	0.3	0.3	0.3	0.15	0.36	-3
6	SI	0.55	0.65	0.65	0.6	0.65	0.55	0.6	0.55	0.6	0.6	0.55	0.65	0.65	0.6	0.55	0.55	0.59	3
6	VB	0.7	0.75	0.75	0.75	0.75	0.75	0.75	0.8	0.7	0.75	0.7	0.8	0.75	0.7	0.75	0.75	0.09	-9
6	SG	0.55	0.6	0.55	0.55	0.55	0.6	0.65	0.6	0.65	0.55	0.65	0.55	0.55	0.6	0.55	0.6	0.59	3
7	AR	0.55	0.55	0.45	0.5	0.45	0.5	0.5	0.5	0.55	0.5	0.55	0.5	0.55	0.55	0.55	0.45	0.50	1
7	SI	0.45	0.4	0.45	0.45	0.4	0.5	0.45	0.5	0.4	0.5	0.45	0.45	0.45	0.4	0.45	0.4	0.45	-1
7	VB	0.25	0.2	0.2	0.2	0.25	0.2	0.15	0.25	0.25	0.25	0.25	0.25	0.15	0.25	0.2	0.25	0.18	-7
7	SG	0.3	0.3	0.3	0.3	0.2	0.2	0.3	0.2	0.25	0.3	0.25	0.25	0.3	0.25	0.25	0.25	0.27	-5
8	AR	0.5	0.5	0.45	0.5	0.5	0.45	0.5	0.4	0.5	0.4	0.45	0.5	0.45	0.45	0.45	0.45	0.45	-1
8	SI	0.35	0.4	0.3	0.4	0.4	0.4	0.4	0.3	0.4	0.35	0.4	0.4	0.3	0.3	0.35	0.4	0.36	-3
8	VB	0.3	0.3	0.25	0.2	0.25	0.3	0.2	0.2	0.25	0.2	0.2	0.3	0.3	0.2	0.2	0.25	0.27	-5
8	SG	0.45	0.4	0.5	0.4	0.4	0.5	0.5	0.45	0.45	0.45	0.45	0.5	0.4	0.45	0.45	0.5	0.45	-1
9	AR	0.3	0.2	0.2	0.3	0.25	0.25	0.25	0.2	0.25	0.25	0.3	0.25	0.3	0.25	0.2	0.25	0.27	-5
9	SI	0.5	0.55	0.55	0.55	0.5	0.5	0.45	0.5	0.45	0.55	0.55	0.55	0.45	0.5	0.55	0.5	0.50	1
9	VB	0.35	0.4	0.3	0.35	0.4	0.35	0.35	0.35	0.35	0.35	0.3	0.3	0.4	0.3	0.3	0.3	0.36	-3
9	SG	0.5	0.5	0.55	0.55	0.55	0.5	0.45	0.45	0.5	0.55	0.55	0.55	0.5	0.55	0.55	0.5	0.50	1
10	AR	0.2	0.25	0.25	0.25	0.25	0.2	0.3	0.25	0.2	0.3	0.3	0.3	0.25	0.25	0.3	0.3	0.27	-5
10	SI	0.3	0.3	0.3	0.3	0.2	0.3	0.25	0.25	0.25	0.3	0.25	0.2	0.3	0.25	0.2	0.2	0.27	-5
10	VB	0.2	0.15	0.2	0.15	0.25	0.25	0.25	0.25	0.25	0.2	0.25	0.25	0.25	0.25	0.15	0.25	0.18	-7
10	SG	0.55	0.5	0.45	0.5	0.55	0.5	0.5	0.55	0.45	0.45	0.5	0.55	0.5	0.5	0.5	0.55	0.50	1
11	AR	0.3	0.2	0.3	0.25	0.25	0.2	0.3	0.25	0.2	0.2	0.25	0.25	0.3	0.2	0.25	0.2	0.27	-5
11	SI	0.65	0.6	0.65	0.55	0.65	0.65	0.55	0.65	0.55	0.6	0.55	0.55	0.6	0.55	0.6	0.6	0.59	3
11	VB	0.2	0.3	0.3	0.25	0.3	0.3	0.2	0.25	0.25	0.2	0.3	0.25	0.3	0.25	0.25	0.25	0.27	-5
11	SG	0.25	0.3	0.3	0.3	0.3	0.2	0.25	0.25	0.25	0.2	0.3	0.25	0.3	0.3	0.2	0.2	0.27	-5
12	AR	0.9	0.85	0.85	0.8	0.8	0.8	0.8	0.8	0.8	0.8	0.85	0.8	0.8	0.85	0.85	0.9	0.86	9
12	SI	0.7	0.7	0.7	0.7	0.8	0.75	0.75	0.7	0.7	0.7	0.8	0.8	0.75	0.7	0.7	0.7	0.77	7
12	VB	0.3	0.4	0.35	0.35	0.4	0.3	0.35	0.35	0.4	0.3	0.35	0.3	0.35	0.4	0.3	0.4	0.36	-3
12	SG	0.85	0.9	0.9	0.9	0.85	0.8	0.9	0.8	0.85	0.8	0.9	0.9	0.9	0.9	0.9	0.9	0.86	9
13	AR	0.75	0.75	0.75	0.7	0.7	0.75	0.7	0.7	0.8	0.8	0.7	0.7	0.75	0.7	0.8	0.7	0.77	7
13	SI	0.7	0.75	0.75	0.75	0.75	0.65	0.7	0.65	0.65	0.75	0.7	0.75	0.65	0.65	0.75	0.65	0.68	5
13	VB	0.65	0.75	0.65	0.7	0.75	0.7	0.65	0.65	0.75	0.65	0.75	0.75	0.75	0.75	0.75	0.7	0.68	5
13	SG	0.3	0.25	0.2	0.3	0.2	0.3	0.25	0.25	0.25	0.2	0.3	0.2	0.25	0.2	0.25	0.25	0.27	-5
14	AR	0.5	0.55	0.55	0.5	0.45	0.45	0.55	0.5	0.45	0.5	0.45	0.55	0.5	0.5	0.45	0.45	0.50	1
14	SI	0.4	0.45	0.5	0.5	0.4	0.5	0.4	0.5	0.45	0.4	0.5	0.45	0.5	0.45	0.45	0.5	0.45	-1
14	VB	0.4	0.35	0.35	0.35	0.3	0.35	0.3	0.35	0.3	0.35	0.35	0.35	0.4	0.4	0.35	0.3	0.36	-3
14	SG	0.4	0.45	0.5	0.4	0.5	0.4	0.45	0.5	0.4	0.45	0.45	0.45	0.5	0.5	0.45	0.5	0.45	-1
15	AR	0.3	0.35	0.35	0.4	0.35	0.3	0.4	0.4	0.35	0.35	0.35	0.4	0.35	0.3	0.35	0.35	0.36	-3
15	SI	0.5	0.45	0.5	0.45	0.4	0.4	0.5	0.5	0.45	0.45	0.4	0.45	0.4	0.5	0.45	0.5	0.45	-1
15	VB	0.25	0.2	0.3	0.3	0.25	0.3	0.2	0.3	0.3	0.25	0.3	0.25	0.25	0.3	0.2	0.25	0.27	-5
15	SG	0.4	0.35	0.3	0.3	0.35	0.3	0.4	0.4	0.35	0.3	0.4	0.4	0.4	0.35	0.35	0.4	0.36	-3
16	AR	0.3	0.2	0.2	0.2	0.25	0.3	0.25	0.3	0.2	0.2	0.2	0.2	0.3	0.2	0.3	0.3	0.27	-5
16	SI	0.45	0.4	0.4	0.45	0.5	0.4	0.5	0.45	0.5	0.4	0.5	0.5	0.4	0.4	0.5	0.5	0.45	-1
16	VB	0.1	0.05	0.15	0.05	0.1	0.15	0.15	0.15	0.05	0.1	0.05	0.15	0.1	0.15	0.15	0.05	0.09	-9
16	SG	0.65	0.6	0.65	0.65	0.55	0.6	0.55	0.65	0.55	0.55	0.55	0.55	0.65	0.65	0.6	0.55	0.59	3
17	AR	0.2	0.25	0.2	0.25	0.3	0.25	0.2	0.25	0.3	0.2	0.3	0.3	0.25	0.3	0.2	0.3	0.27	-5
17	SI	0.25	0.2	0.25	0.2	0.2	0.15	0.15	0.15	0.15	0.2	0.25	0.15	0.15	0.15	0.25	0.15	0.18	-7
17	VB	0.25	0.2	0.2	0.2	0.25	0.15	0.15	0.15	0.15	0.15	0.25	0.2	0.15	0.2	0.25	0.25	0.18	-7
17	SG	0.05	0.15	0.1	0.05	0.05	0.1	0.05	0.05	0.1	0.05	0.05	0.1	0.15	0.1	0.05	0.1	0.09	-9
18	AR	0.3	0.3	0.3	0.3	0.3	0.3	0.3	0.3	0.3	0.3	0.3	0.3	0.3	0.3	0.3	0.3	0.50	1
18	SI	0.1	0.1	0.1	0.1	0.1	0.1	0.1	0.1	0.2	0.1	0.1	0.15	0.1	0.1	0.1	0.25	0.18	-7
18	VB	0.25	0.2	0.3	0.2	0.25	0.3	0.3	0.3	0.3	0.2	0.25	0.3	0.3	0.25	0.2	0.3	0.27	-5
18	SG	0.2	0.2	0.2	0.2	0.3	0.3	0.2	0.2	0.25	0.25	0.25	0.3	0.25	0.3	0.3	0.3	0.27	-5
19	AR	0.75	0.7	0.65	0.65	0.65	0.7	0.65	0.7	0.7	0.7	0.65	0.65	0.65	0.75	0.7	0.75	0.68	5
19	SI	0.35	0.3	0.35	0.35	0.4	0.35	0.3	0.35	0.35	0.35	0.4	0.35	0.35	0.4	0.4	0.4	0.36	-3
19	VB	0.4	0.3	0.3	0.35	0.3	0.35	0.3	0.4	0.4	0.3	0.3	0.35	0.35	0.35	0.4	0.4	0.36	-3
19	SG	0.3	0.3	0.25	0.3	0.3	0.3	0.3	0.2	0.25	0.25	0.3	0.2	0.25	0.25	0.3	0.3	0.27	-5
20	AR	0.35	0.35	0.3	0.35	0.35	0.4	0.35	0.4	0.35	0.35	0.35	0.3	0.4	0.3	0.35	0.3	0.36	-3
20	SI	0.25	0.2	0.15	0.15	0.25	0.15	0.25	0.2	0.2	0.15	0.2	0.2	0.15	0.2	0.15	0.25	0.18	-7
20	VB	0.15	0.15	0.05	0.05	0.1	0.1	0.1	0.1	0.1	0.05	0.05	0.15	0.15	0.15	0.15	0.05	0.09	-9
20	SG	0.3	0.3	0.35	0.35	0.4	0.35	0.3	0.4	0.4	0.35	0.4	0.35	0.35	0.4	0.35	0.35	0.36	-3
21	AR	0.7	0.7	0.75	0.65	0.65	0.7	0.7	0.7	0.65	0.7	0.75	0.75	0.75	0.65	0.7	0.7	0.68	5
21	SI	0.6	0.55	0.55	0.55	0.55	0.65	0.55	0.55	0.55	0.6	0.6	0.6	0.65	0.65	0.55	0.6	0.59	3
21	VB	0.5	0.45	0.5	0.5	0.4	0.4	0.5	0.4	0.5	0.5	0.45	0.4	0.4	0.4	0.45	0.45	0.45	-1
21	SG	0.7	0.65	0.65	0.65	0.7	0.7	0.75	0.7	0.75	0.65	0.7	0.65	0.65	0.65	0.65	0.7	0.68	5
22	AR	0.4	0.5	0.45	0.4	0.45	0.5	0.4	0.5	0.4	0.5	0.4	0.45	0.4	0.45	0.4	0.4	0.45	-1
22	SI	0.4	0.4	0.4	0.3	0.3	0.3	0.35	0.35	0.3	0.4	0.4	0.4	0.3	0.4	0.3	0.35	0.36	-3
22	VB	0.4	0.35	0.4	0.3	0.3	0.3	0.3	0.4	0.35	0.3	0.4	0.35	0.3	0.35	0.3	0.35	0.36	-3
22	SG	0.35	0.3	0.4	0.35	0.3	0.35	0.35	0.4	0.35	0.35	0.3	0.3	0.4	0.35	0.35	0.35	0.36	-3
23	AR	0.8	0.75	0.7	0.8	0.7	0.7	0.8	0.7	0.75	0.8	0.7	0.75	0.75	0.7	0.75	0.8	0.77	7
23	SI	0.4	0.45	0.45	0.4	0.4	0.4	0.4	0.5	0.4	0.5	0.5	0.4	0.5	0.4	0.4	0.45	0.45	-1
23	VB	0.2	0.25	0.3	0.25	0.3	0.2	0.3	0.3	0.2	0.3	0.2	0.25	0.2	0.2	0.3	0.25	0.27	-5
23	SG	0.05	0.1	0.1	0.15	0.05	0.15	0.05	0.1	0.05	0.05	0.1	0.1	0.05	0.15	0.05	0.1	0.09	-9
24	AR	0.4	0.35	0.35	0.4	0.35	0.35	0.35	0.35	0.35	0.35	0.35	0.35	0.35	0.3	0.3	0.35	0.36	-3
24	SI	0.3	0.4	0.3	0.35	0.35	0.3	0.35	0.4	0.4	0.35	0.4	0.4	0.3	0.4	0.3	0.35	0.36	-3
24	VB	0.05	0.1	0.1	0.1	0.1	0.1	0.05	0.1	0.15	0.15	0.1	0.15	0.05	0.05	0.1	0.1	0.09	-9
24	SG	0.2	0.25	0.25	0.15	0.25	0.15	0.25	0.15	0.2	0.25	0.15	0.25	0.2	0.15	0.25	0.25	0.18	-7
25	AR	0.45	0.45	0.4	0.5	0.5	0.45	0.45	0.4	0.5	0.5	0.4	0.4	0.45	0.45	0.4	0.4	0.45	-1
25	SI	0.4	0.3	0.3	0.4	0.3	0.35	0.35	0.4	0.3	0.35	0.35	0.35	0.35	0.3	0.3	0.3	0.36	-3
25	VB	0.05	0.1	0.15	0.15	0.1	0.1	0.15	0.15	0.1	0.1	0.05	0.05	0.15	0.1	0.15	0.05	0.09	-9
25	SG	0.2	0.3	0.2	0.25	0.3	0.25	0.25	0.2	0.25	0.3	0.25	0.25	0.25	0.25	0.25	0.2	0.27	-5
26	AR	0.25	0.15	0.25	0.25	0.25	0.25	0.25	0.2	0.15	0.15	0.2	0.25	0.15	0.2	0.2	0.15	0.18	-7
26	SI	0.3	0.4	0.4	0.3	0.4	0.35	0.4	0.4	0.35	0.4	0.35	0.4	0.3	0.4	0.3	0.3	0.36	-3
26	VB	0.3	0.3	0.3	0.35	0.35	0.35	0.3	0.4	0.35	0.4	0.4	0.3	0.3	0.3	0.35	0.3	0.36	-3
26	SG	0.6	0.6	0.6	0.6	0.55	0.6	0.55	0.55	0.6	0.55	0.65	0.55	0.55	0.6	0.6	0.55	0.59	3
27	AR	0.25	0.15	0.25	0.25	0.25	0.25	0.25	0.2	0.15	0.15	0.2	0.25	0.15	0.2	0.2	0.15	0.45	-1
27	SI	0.4	0.35	0.3	0.35	0.4	0.4	0.35	0.4	0.35	0.4	0.35	0.35	0.3	0.3	0.35	0.4	0.36	-3
27	VB	0.15	0.15	0.1	0.1	0.1	0.1	0.05	0.1	0.15	0.05	0.15	0.1	0.05	0.1	0.05	0.15	0.09	-9
27	SG	0.2	0.2	0.15	0.15	0.2	0.15	0.2	0.15	0.25	0.15	0.25	0.15	0.15	0.2	0.15	0.15	0.18	-7
28	AR	0.5	0.4	0.45	0.5	0.45	0.45	0.45	0.45	0.5	0.4	0.45	0.5	0.45	0.4	0.5	0.5	0.45	-1
28	SI	0.3	0.4	0.3	0.4	0.4	0.3	0.3	0.4	0.4	0.3	0.3	0.4	0.4	0.4	0.3	0.4	0.36	-3
28	VB	0.45	0.4	0.5	0.4	0.45	0.4	0.5	0.45	0.45	0.5	0.5	0.5	0.4	0.4	0.4	0.5	0.45	-1
28	SG	0.25	0.15	0.2	0.15	0.2	0.25	0.25	0.15	0.15	0.25	0.15	0.25	0.25	0.2	0.15	0.25	0.18	-7
29	AR	0.3	0.35	0.35	0.3	0.3	0.4	0.35	0.35	0.35	0.3	0.4	0.3	0.3	0.3	0.4	0.3	0.36	-3
29	SI	0.2	0.2	0.2	0.25	0.15	0.25	0.15	0.2	0.15	0.15	0.15	0.25	0.15	0.15	0.15	0.25	0.18	-7
29	VB	0.3	0.3	0.2	0.25	0.25	0.25	0.2	0.25	0.25	0.25	0.2	0.25	0.25	0.2	0.3	0.25	0.27	-5
29	SG	0.3	0.25	0.2	0.3	0.3	0.3	0.3	0.25	0.25	0.3	0.25	0.3	0.3	0.2	0.3	0.25	0.27	-5
30	AR	0.4	0.3	0.35	0.3	0.3	0.4	0.3	0.3	0.35	0.3	0.4	0.4	0.4	0.3	0.35	0.4	0.36	-3
30	SI	0.2	0.3	0.3	0.25	0.3	0.25	0.2	0.3	0.2	0.2	0.2	0.3	0.25	0.3	0.2	0.25	0.27	-5
30	VB	0.2	0.25	0.3	0.25	0.3	0.2	0.25	0.2	0.25	0.3	0.25	0.25	0.3	0.3	0.3	0.25	0.27	-5
30	SG	0.4	0.45	0.45	0.4	0.5	0.45	0.4	0.5	0.5	0.45	0.5	0.5	0.4	0.4	0.5	0.4	0.45	-1
31	AR	0.5	0.45	0.4	0.5	0.5	0.4	0.4	0.45	0.5	0.45	0.45	0.45	0.4	0.45	0.4	0.4	0.45	-1
31	SI	0.45	0.45	0.5	0.45	0.5	0.45	0.45	0.45	0.45	0.5	0.5	0.45	0.45	0.5	0.4	0.4	0.45	-1
31	VB	0.15	0.25	0.25	0.15	0.15	0.2	0.25	0.25	0.15	0.15	0.25	0.2	0.15	0.25	0.25	0.2	0.18	-7
31	SG	0.2	0.15	0.15	0.15	0.25	0.15	0.25	0.15	0.2	0.2	0.25	0.2	0.25	0.25	0.2	0.25	0.18	-7
32	AR	0.1	0.05	0.05	0.1	0.1	0.1	0.1	0.05	0.15	0.15	0.05	0.15	0.05	0.15	0.1	0.1	0.09	-9
32	SI	0.45	0.4	0.4	0.5	0.5	0.5	0.4	0.5	0.45	0.5	0.45	0.4	0.45	0.45	0.45	0.4	0.45	-1
32	VB	0.2	0.2	0.2	0.3	0.2	0.25	0.2	0.3	0.3	0.3	0.25	0.2	0.2	0.2	0.25	0.25	0.27	-5
32	SG	0.5	0.5	0.4	0.45	0.45	0.4	0.4	0.5	0.5	0.5	0.4	0.4	0.5	0.5	0.45	0.45	0.45	-1
33	AR	0.25	0.25	0.2	0.25	0.2	0.2	0.2	0.15	0.15	0.25	0.2	0.15	0.25	0.25	0.25	0.25	0.18	-7
33	SI	0.25	0.2	0.25	0.2	0.15	0.25	0.15	0.2	0.2	0.15	0.25	0.25	0.15	0.15	0.15	0.25	0.18	-7
33	VB	0.4	0.4	0.3	0.4	0.35	0.3	0.4	0.3	0.35	0.35	0.3	0.3	0.35	0.3	0.35	0.35	0.36	-3
33	SG	0.55	0.45	0.45	0.55	0.5	0.45	0.55	0.55	0.45	0.55	0.5	0.55	0.5	0.5	0.45	0.55	0.50	1
34	AR	0.25	0.25	0.3	0.25	0.3	0.2	0.25	0.25	0.3	0.3	0.3	0.3	0.25	0.2	0.2	0.2	0.27	-5
34	SI	0.15	0.25	0.2	0.2	0.2	0.25	0.2	0.25	0.2	0.15	0.25	0.2	0.15	0.15	0.15	0.25	0.18	-7
34	VB	0.3	0.2	0.25	0.2	0.3	0.2	0.3	0.2	0.25	0.2	0.25	0.3	0.25	0.3	0.3	0.25	0.00	-11
34	SG	0.2	0.25	0.25	0.3	0.25	0.25	0.25	0.2	0.25	0.2	0.2	0.2	0.2	0.3	0.2	0.25	0.27	-5
35	AR	0.4	0.45	0.4	0.5	0.4	0.4	0.5	0.4	0.45	0.4	0.4	0.4	0.5	0.4	0.4	0.45	0.45	-1
35	SI	0.55	0.55	0.55	0.55	0.6	0.6	0.65	0.55	0.65	0.65	0.55	0.6	0.6	0.55	0.55	0.6	0.59	3
35	VB	0.2	0.2	0.2	0.25	0.3	0.3	0.2	0.25	0.2	0.25	0.2	0.25	0.25	0.3	0.2	0.3	0.27	-5
35	SG	0.5	0.45	0.4	0.45	0.45	0.45	0.4	0.4	0.45	0.4	0.45	0.4	0.4	0.5	0.45	0.5	0.45	-1
36	AR	0.4	0.35	0.35	0.3	0.35	0.4	0.4	0.35	0.4	0.3	0.4	0.3	0.4	0.3	0.3	0.35	0.36	-3
36	SI	0.05	0.1	0.15	0.15	0.15	0.05	0.15	0.15	0.1	0.1	0.15	0.15	0.05	0.05	0.15	0.1	0.09	-9
36	VB	0.4	0.3	0.35	0.35	0.3	0.4	0.4	0.4	0.3	0.35	0.3	0.4	0.3	0.35	0.3	0.4	0.36	-3
36	SG	0.45	0.4	0.4	0.45	0.45	0.5	0.45	0.5	0.4	0.5	0.4	0.45	0.4	0.45	0.4	0.4	0.45	-1
37	AR	0.3	0.3	0.4	0.3	0.4	0.35	0.35	0.4	0.35	0.35	0.3	0.3	0.3	0.4	0.4	0.35	0.36	-3
37	SI	0.2	0.3	0.3	0.2	0.3	0.2	0.25	0.25	0.25	0.2	0.3	0.25	0.25	0.25	0.3	0.3	0.27	-5
37	VB	0.15	0.2	0.25	0.15	0.2	0.25	0.25	0.15	0.2	0.2	0.25	0.2	0.15	0.25	0.25	0.15	0.18	-7
37	SG	0.15	0.1	0.1	0.15	0.05	0.05	0.1	0.05	0.15	0.15	0.1	0.1	0.1	0.05	0.15	0.15	0.09	-9
38	AR	0.55	0.5	0.55	0.45	0.45	0.55	0.5	0.55	0.45	0.45	0.45	0.55	0.45	0.5	0.55	0.55	0.50	1
38	SI	0.65	0.75	0.65	0.7	0.75	0.7	0.65	0.65	0.75	0.65	0.75	0.75	0.75	0.75	0.75	0.7	0.27	-5
38	VB	0.45	0.4	0.5	0.4	0.45	0.5	0.5	0.4	0.5	0.5	0.4	0.5	0.4	0.4	0.4	0.4	0.45	-1
38	SG	0.15	0.2	0.2	0.15	0.2	0.2	0.25	0.15	0.2	0.25	0.25	0.15	0.15	0.25	0.15	0.15	0.18	-7
39	AR	0.65	0.65	0.55	0.6	0.55	0.6	0.65	0.6	0.65	0.55	0.55	0.65	0.65	0.65	0.55	0.55	0.59	3
39	SI	0.25	0.3	0.25	0.2	0.25	0.25	0.2	0.2	0.3	0.25	0.2	0.2	0.25	0.2	0.3	0.3	0.27	-5
39	VB	0.2	0.25	0.15	0.15	0.15	0.15	0.2	0.25	0.25	0.15	0.2	0.15	0.15	0.2	0.2	0.15	0.18	-7
39	SG	0.55	0.45	0.55	0.55	0.5	0.5	0.45	0.55	0.55	0.45	0.45	0.45	0.5	0.45	0.45	0.55	0.50	1
40	AR	0.2	0.3	0.3	0.25	0.2	0.2	0.3	0.25	0.25	0.2	0.3	0.2	0.2	0.2	0.2	0.3	0.27	-5
40	SI	0.1	0.05	0.05	0.05	0.05	0.1	0.1	0.1	0.1	0.05	0.15	0.1	0.1	0.05	0.05	0.05	0.09	-9
40	VB	0.15	0.25	0.25	0.2	0.25	0.2	0.2	0.25	0.2	0.15	0.2	0.15	0.25	0.25	0.2	0.15	0.18	-7
40	SG	0.45	0.5	0.45	0.45	0.4	0.5	0.45	0.4	0.45	0.4	0.4	0.45	0.5	0.5	0.4	0.5	0.45	-1
41	AR	0.3	0.4	0.35	0.4	0.3	0.3	0.4	0.35	0.3	0.3	0.3	0.3	0.3	0.35	0.4	0.35	0.36	-3
41	SI	0.35	0.3	0.35	0.3	0.35	0.3	0.3	0.35	0.35	0.4	0.4	0.4	0.35	0.35	0.3	0.4	0.36	-3
41	VB	0.2	0.2	0.2	0.2	0.3	0.2	0.25	0.25	0.25	0.3	0.2	0.3	0.2	0.3	0.3	0.2	0.27	-5
41	SG	0.5	0.4	0.45	0.45	0.45	0.5	0.45	0.4	0.45	0.45	0.5	0.4	0.5	0.5	0.4	0.5	0.45	-1
42	AR	0.45	0.5	0.45	0.45	0.45	0.55	0.45	0.45	0.45	0.5	0.45	0.55	0.45	0.45	0.5	0.45	0.50	1
42	SI	0.4	0.3	0.4	0.35	0.3	0.35	0.3	0.4	0.35	0.3	0.4	0.35	0.3	0.35	0.3	0.4	0.36	-3
42	VB	0.25	0.2	0.2	0.15	0.25	0.15	0.25	0.2	0.15	0.15	0.25	0.25	0.25	0.2	0.15	0.25	0.18	-7
42	SG	0.2	0.25	0.15	0.25	0.15	0.2	0.2	0.25	0.15	0.15	0.15	0.25	0.15	0.15	0.15	0.15	0.18	-7
43	AR	0.3	0.3	0.2	0.2	0.25	0.25	0.2	0.2	0.25	0.25	0.2	0.3	0.3	0.2	0.2	0.25	0.27	-5
43	SI	0.25	0.3	0.2	0.25	0.3	0.3	0.3	0.25	0.25	0.2	0.2	0.3	0.3	0.25	0.25	0.2	0.27	-5
43	VB	0.85	0.85	0.85	0.85	0.85	0.85	0.85	0.85	0.85	0.85	0.85	0.85	0.85	0.85	0.85	0.85	0.27	-5
43	SG	0.3	0.3	0.2	0.3	0.3	0.3	0.3	0.2	0.3	0.3	0.3	0.2	0.3	0.3	0.3	0.2	0.68	5
44	AR	0.65	0.65	0.65	0.7	0.65	0.7	0.65	0.1	0.7	0.7	0.35	0.4	0.4	0.5	0.5	0.5	0.36	-3
44	SI	0.65	0.6	0.65	0.6	0.6	0.6	0.65	0.55	0.55	0.55	0.55	0.55	0.65	0.65	0.65	0.65	0.59	3
44	VB	0.15	0.15	0.15	0.05	0.1	0.15	0.1	0.15	0.15	0.05	0.1	0.05	0.05	0.1	0.05	0.15	0.09	-9
44	SG	0.65	0.65	0.65	0.65	0.55	0.55	0.65	0.65	0.55	0.6	0.55	0.55	0.55	0.55	0.55	0.6	0.59	3
45	AR	0.3	0.3	0.25	0.3	0.3	0.3	0.25	0.25	0.3	0.3	0.3	0.2	0.2	0.2	0.25	0.3	0.27	-5
45	SI	0.2	0.2	0.2	0.25	0.15	0.25	0.25	0.2	0.2	0.2	0.15	0.15	0.15	0.25	0.2	0.25	0.18	-7
45	VB	0.15	0.2	0.15	0.2	0.2	0.25	0.25	0.15	0.25	0.25	0.25	0.2	0.25	0.15	0.2	0.2	0.18	-7
45	SG	0.5	0.45	0.4	0.4	0.45	0.5	0.5	0.45	0.4	0.45	0.5	0.5	0.45	0.4	0.45	0.4	0.45	-1
46	AR	0.45	0.5	0.5	0.45	0.45	0.45	0.45	0.55	0.5	0.45	0.5	0.45	0.5	0.5	0.45	0.45	0.50	1
46	SI	0.25	0.25	0.25	0.3	0.2	0.3	0.3	0.2	0.2	0.3	0.2	0.25	0.25	0.3	0.3	0.2	0.27	-5
46	VB	0.15	0.25	0.25	0.2	0.2	0.15	0.2	0.15	0.15	0.15	0.2	0.25	0.25	0.2	0.25	0.15	0.18	-7
46	SG	0.15	0.1	0.15	0.05	0.05	0.1	0.1	0.1	0.05	0.15	0.15	0.1	0.15	0.15	0.1	0.1	0.09	-9
47	AR	0.45	0.45	0.45	0.45	0.55	0.55	0.45	0.45	0.5	0.55	0.55	0.45	0.55	0.5	0.5	0.55	0.50	1
47	SI	0.3	0.4	0.35	0.3	0.4	0.3	0.3	0.35	0.3	0.4	0.3	0.3	0.4	0.35	0.35	0.4	0.36	-3
47	VB	0.4	0.35	0.3	0.4	0.3	0.4	0.35	0.3	0.3	0.4	0.3	0.4	0.35	0.3	0.4	0.3	0.36	-3
47	SG	0.3	0.3	0.3	0.25	0.2	0.25	0.3	0.3	0.25	0.25	0.2	0.3	0.25	0.3	0.3	0.2	0.27	-5
48	AR	0.15	0.15	0.2	0.25	0.2	0.2	0.15	0.25	0.25	0.15	0.25	0.15	0.2	0.2	0.15	0.2	0.18	-7
48	SI	0.35	0.3	0.35	0.4	0.35	0.3	0.4	0.4	0.35	0.4	0.3	0.4	0.35	0.35	0.4	0.3	0.36	-3
48	VB	0.3	0.35	0.35	0.3	0.4	0.4	0.4	0.4	0.3	0.35	0.35	0.4	0.3	0.3	0.4	0.4	0.36	-3
48	SG	0.3	0.25	0.3	0.25	0.2	0.2	0.25	0.25	0.25	0.25	0.3	0.2	0.3	0.25	0.3	0.3	0.27	-5
49	AR	0.55	0.65	0.55	0.6	0.65	0.6	0.55	0.6	0.6	0.55	0.6	0.6	0.6	0.65	0.6	0.55	0.59	3
49	SI	0.25	0.25	0.15	0.2	0.25	0.25	0.25	0.2	0.25	0.15	0.2	0.15	0.15	0.25	0.25	0.25	0.18	-7
49	VB	0.55	0.6	0.65	0.65	0.55	0.6	0.55	0.65	0.55	0.65	0.6	0.55	0.65	0.65	0.65	0.65	0.59	3
49	SG	0.45	0.55	0.45	0.55	0.45	0.45	0.55	0.55	0.55	0.55	0.5	0.55	0.55	0.55	0.45	0.55	0.50	1
50	AR	0.15	0.15	0.15	0.15	0.2	0.25	0.15	0.25	0.15	0.2	0.15	0.25	0.25	0.2	0.25	0.25	0.18	-7
50	SI	0.2	0.3	0.2	0.25	0.3	0.2	0.3	0.2	0.25	0.2	0.3	0.2	0.3	0.25	0.2	0.3	0.27	-5
50	VB	0.3	0.3	0.2	0.2	0.2	0.25	0.3	0.3	0.25	0.25	0.2	0.2	0.2	0.2	0.2	0.2	0.27	-5
50	SG	0.25	0.25	0.25	0.3	0.3	0.2	0.25	0.3	0.3	0.25	0.3	0.3	0.25	0.3	0.25	0.3	0.27	-5
51	AR	0.25	0.3	0.3	0.25	0.3	0.25	0.25	0.3	0.2	0.3	0.2	0.2	0.3	0.2	0.25	0.25	0.27	-5
51	SI	0.45	0.5	0.55	0.5	0.45	0.55	0.5	0.55	0.45	0.5	0.55	0.55	0.5	0.55	0.55	0.45	0.50	1
51	VB	0.3	0.3	0.3	0.3	0.3	0.35	0.3	0.4	0.35	0.4	0.3	0.3	0.4	0.4	0.4	0.35	0.36	-3
51	SG	0.3	0.4	0.3	0.4	0.3	0.35	0.3	0.4	0.3	0.35	0.35	0.3	0.4	0.35	0.35	0.3	0.36	-3
52	AR	0.45	0.45	0.5	0.5	0.5	0.4	0.45	0.4	0.45	0.45	0.45	0.5	0.4	0.4	0.45	0.4	0.45	-1
52	SI	0.55	0.45	0.5	0.55	0.55	0.5	0.45	0.5	0.45	0.45	0.55	0.5	0.55	0.5	0.5	0.55	0.50	1
52	VB	0.45	0.45	0.4	0.45	0.45	0.5	0.5	0.45	0.4	0.4	0.5	0.45	0.45	0.4	0.4	0.4	0.45	-1
52	SG	0.25	0.2	0.25	0.2	0.25	0.2	0.15	0.15	0.15	0.25	0.15	0.2	0.25	0.2	0.25	0.2	0.18	-7
53	AR	0.25	0.3	0.3	0.2	0.2	0.25	0.25	0.25	0.3	0.3	0.2	0.25	0.2	0.3	0.3	0.3	0.27	-5
53	SI	0.2	0.3	0.25	0.2	0.3	0.2	0.2	0.3	0.3	0.2	0.2	0.3	0.25	0.2	0.2	0.25	0.27	-5
53	VB	0.25	0.25	0.2	0.25	0.25	0.15	0.15	0.15	0.2	0.25	0.25	0.15	0.15	0.2	0.25	0.2	0.18	-7
53	SG	0.55	0.5	0.45	0.5	0.5	0.45	0.55	0.55	0.45	0.5	0.5	0.5	0.55	0.5	0.55	0.5	0.50	1
54	AR	0.2	0.2	0.3	0.3	0.2	0.2	0.25	0.2	0.3	0.2	0.3	0.3	0.25	0.25	0.25	0.25	0.27	-5
54	SI	0.15	0.2	0.15	0.2	0.2	0.25	0.15	0.25	0.2	0.15	0.2	0.25	0.15	0.25	0.2	0.2	0.18	-7
54	VB	0.35	0.3	0.4	0.4	0.35	0.4	0.3	0.35	0.35	0.35	0.3	0.35	0.35	0.35	0.35	0.4	0.36	-3
54	SG	0.1	0.05	0.1	0.1	0.15	0.1	0.15	0.05	0.15	0.1	0.05	0.1	0.15	0.05	0.05	0.15	0.09	-9
55	AR	0.5	0.4	0.4	0.5	0.45	0.4	0.5	0.45	0.4	0.4	0.5	0.45	0.4	0.45	0.45	0.4	0.45	-1
55	SI	0.2	0.15	0.2	0.15	0.25	0.15	0.15	0.15	0.2	0.25	0.2	0.2	0.15	0.2	0.15	0.25	0.18	-7
55	VB	0.1	0.1	0.1	0.05	0.05	0.1	0.1	0.15	0.15	0.15	0.15	0.15	0.05	0.15	0.15	0.1	0.09	-9
55	SG	0.3	0.4	0.4	0.4	0.35	0.35	0.35	0.4	0.35	0.4	0.3	0.4	0.35	0.3	0.4	0.3	0.36	-3
56	AR	0.4	0.4	0.5	0.45	0.5	0.45	0.5	0.5	0.5	0.45	0.5	0.4	0.5	0.4	0.45	0.45	0.45	-1
56	SI	0.4	0.4	0.4	0.3	0.35	0.3	0.3	0.4	0.4	0.3	0.3	0.4	0.4	0.3	0.4	0.4	0.36	-3
56	VB	0.2	0.2	0.25	0.2	0.3	0.2	0.2	0.2	0.25	0.25	0.3	0.25	0.2	0.25	0.2	0.25	0.27	-5
56	SG	0	0	0	0	0	0	0.05	0	0.05	0.05	0	0	0	0	0	0	0.00	-11
57	AR	0.35	0.35	0.3	0.3	0.4	0.3	0.35	0.4	0.35	0.4	0.3	0.3	0.3	0.35	0.4	0.35	0.36	-3
57	SI	0.5	0.4	0.45	0.4	0.45	0.4	0.45	0.45	0.5	0.4	0.5	0.5	0.4	0.45	0.5	0.4	0.45	-1
57	VB	0.45	0.5	0.5	0.5	0.45	0.5	0.45	0.5	0.4	0.5	0.4	0.4	0.4	0.45	0.4	0.5	0.45	-1
57	SG	0.5	0.45	0.5	0.5	0.5	0.55	0.45	0.5	0.5	0.5	0.45	0.5	0.5	0.55	0.45	0.55	0.50	1
58	AR	0.4	0.4	0.4	0.5	0.5	0.5	0.5	0.45	0.45	0.45	0.4	0.45	0.4	0.5	0.4	0.4	0.45	-1
58	SI	0.35	0.4	0.4	0.35	0.4	0.4	0.4	0.35	0.4	0.3	0.3	0.4	0.35	0.35	0.35	0.4	0.36	-3
58	VB	0.5	0.4	0.45	0.4	0.4	0.45	0.5	0.5	0.4	0.4	0.4	0.4	0.45	0.4	0.4	0.5	0.45	-1
58	SG	0.25	0.25	0.2	0.2	0.25	0.25	0.15	0.15	0.2	0.2	0.15	0.25	0.15	0.2	0.2	0.15	0.18	-7
59	AR	0.45	0.45	0.5	0.55	0.45	0.5	0.5	0.5	0.45	0.45	0.55	0.5	0.45	0.5	0.5	0.55	0.50	1
59	SI	0.15	0.15	0.2	0.2	0.25	0.25	0.25	0.25	0.25	0.25	0.2	0.25	0.2	0.2	0.15	0.2	0.18	-7
59	VB	0.35	0.4	0.35	0.4	0.4	0.4	0.3	0.4	0.35	0.4	0.4	0.4	0.3	0.35	0.3	0.35	0.36	-3
59	SG	0.3	0.35	0.3	0.4	0.3	0.3	0.4	0.4	0.35	0.35	0.35	0.3	0.35	0.3	0.3	0.35	0.36	-3
60	AR	0.5	0.45	0.55	0.55	0.45	0.5	0.45	0.45	0.5	0.55	0.45	0.55	0.55	0.5	0.45	0.45	0.50	1
60	SI	0.55	0.55	0.5	0.55	0.5	0.45	0.5	0.55	0.45	0.5	0.45	0.5	0.55	0.55	0.45	0.45	0.50	1
60	VB	0.05	0.1	0.15	0.05	0.05	0.05	0.1	0.05	0.05	0.1	0.1	0.05	0.05	0.1	0.15	0.1	0.09	-9
60	SG	0.3	0.2	0.2	0.3	0.25	0.2	0.3	0.25	0.3	0.25	0.25	0.25	0.25	0.3	0.3	0.3	0.27	-5
61	AR	0.75	0.75	0.7	0.65	0.65	0.75	0.75	0.65	0.7	0.75	0.7	0.65	0.65	0.75	0.7	0.75	0.68	5
61	SI	0.15	0.1	0.1	0.15	0.15	0.1	0.15	0.15	0.15	0.15	0.1	0.15	0.05	0.15	0.05	0.15	0.36	-3
61	VB	0.4	0.4	0.45	0.45	0.5	0.4	0.45	0.5	0.4	0.4	0.45	0.5	0.45	0.5	0.4	0.5	0.45	-1
61	SG	0.3	0.3	0.3	0.3	0.25	0.3	0.3	0.2	0.3	0.2	0.25	0.25	0.3	0.25	0.3	0.25	0.27	-5
62	AR	0.5	0.5	0.4	0.4	0.4	0.4	0.5	0.45	0.5	0.4	0.4	0.45	0.4	0.5	0.5	0.5	0.45	-1
62	SI	0.65	0.65	0.6	0.65	0.55	0.55	0.55	0.55	0.6	0.55	0.6	0.55	0.6	0.6	0.6	0.55	0.59	3
62	VB	0.45	0.5	0.5	0.4	0.5	0.5	0.5	0.4	0.4	0.5	0.4	0.45	0.5	0.4	0.4	0.5	0.45	-1
62	SG	0.2	0.3	0.2	0.25	0.3	0.25	0.3	0.2	0.25	0.2	0.3	0.3	0.3	0.3	0.3	0.25	0.27	-5
63	AR	0.55	0.45	0.5	0.45	0.55	0.45	0.5	0.5	0.5	0.45	0.5	0.45	0.55	0.55	0.45	0.5	0.50	1
63	SI	0.45	0.45	0.45	0.55	0.45	0.55	0.45	0.55	0.45	0.45	0.5	0.5	0.45	0.45	0.45	0.45	0.50	1
63	VB	0.45	0.5	0.4	0.45	0.4	0.4	0.5	0.4	0.4	0.5	0.5	0.5	0.5	0.45	0.45	0.45	0.45	-1
63	SG	0.4	0.5	0.5	0.45	0.4	0.4	0.4	0.45	0.4	0.4	0.4	0.5	0.45	0.5	0.5	0.45	0.45	-1
64	AR	0.55	0.45	0.45	0.45	0.45	0.5	0.55	0.55	0.45	0.45	0.55	0.5	0.55	0.45	0.45	0.5	0.50	1
64	SI	0.55	0.5	0.5	0.45	0.55	0.45	0.55	0.45	0.45	0.55	0.55	0.45	0.55	0.45	0.55	0.45	0.50	1
64	VB	0.05	0.05	0.1	0.15	0.05	0.1	0.05	0.1	0.05	0.05	0.1	0.1	0.15	0.15	0.1	0.15	0.09	-9
64	SG	0.6	0.65	0.55	0.65	0.55	0.55	0.65	0.6	0.55	0.55	0.65	0.6	0.6	0.65	0.6	0.65	0.59	3
65	AR	0.05	0.05	0	0	0	0.05	0	0	0	0.05	0.05	0.05	0	0	0	0	0.00	-11
65	SI	0.3	0.3	0.2	0.2	0.25	0.25	0.3	0.25	0.25	0.3	0.25	0.2	0.25	0.3	0.2	0.25	0.27	-5
65	VB	0.2	0.2	0.25	0.25	0.3	0.3	0.2	0.3	0.2	0.2	0.3	0.3	0.3	0.25	0.2	0.2	0.27	-5
65	SG	0.15	0.25	0.25	0.25	0.25	0.25	0.2	0.25	0.15	0.25	0.15	0.25	0.25	0.15	0.15	0.15	0.18	-7
66	AR	0.45	0.5	0.45	0.55	0.55	0.5	0.45	0.55	0.5	0.55	0.5	0.5	0.45	0.5	0.55	0.55	0.50	1
66	SI	0.2	0.2	0.25	0.2	0.3	0.3	0.2	0.2	0.2	0.25	0.25	0.3	0.25	0.25	0.25	0.25	0.27	-5
66	VB	0.4	0.3	0.4	0.35	0.3	0.3	0.3	0.4	0.3	0.4	0.4	0.35	0.35	0.3	0.3	0.35	0.36	-3
66	SG	0.5	0.5	0.45	0.5	0.45	0.45	0.4	0.4	0.45	0.4	0.45	0.5	0.5	0.5	0.5	0.45	0.45	-1
67	AR	0.25	0.25	0.25	0.25	0.2	0.25	0.15	0.15	0.15	0.15	0.15	0.15	0.2	0.15	0.25	0.15	0.18	-7
67	SI	0.25	0.2	0.3	0.3	0.25	0.25	0.25	0.25	0.2	0.2	0.3	0.25	0.25	0.2	0.25	0.3	0.27	-5
67	VB	0.15	0.1	0.15	0.15	0.05	0.15	0.1	0.1	0.15	0.1	0.05	0.15	0.15	0.15	0.1	0.1	0.09	-9
67	SG	0.15	0.1	0.1	0.15	0.15	0.1	0.15	0.15	0.15	0.15	0.1	0.15	0.05	0.15	0.05	0.15	0.09	-9
68	AR	0.3	0.3	0.4	0.4	0.4	0.3	0.35	0.35	0.4	0.35	0.35	0.4	0.3	0.4	0.35	0.3	0.36	-3
68	SI	0.25	0.2	0.25	0.3	0.25	0.25	0.2	0.25	0.3	0.3	0.3	0.2	0.2	0.25	0.25	0.25	0.27	-5
68	VB	0.2	0.2	0.25	0.2	0.2	0.3	0.3	0.25	0.25	0.3	0.2	0.25	0.25	0.25	0.2	0.3	0.27	-5
68	SG	0.25	0.3	0.3	0.2	0.2	0.2	0.2	0.2	0.2	0.25	0.3	0.2	0.25	0.3	0.2	0.2	0.27	-5
69	AR	0.25	0.3	0.2	0.3	0.25	0.2	0.3	0.25	0.25	0.2	0.3	0.2	0.2	0.3	0.3	0.3	0.27	-5
69	SI	0.45	0.45	0.5	0.45	0.4	0.5	0.4	0.5	0.4	0.5	0.4	0.5	0.5	0.45	0.4	0.45	0.45	-1
69	VB	0.05	0.1	0.15	0.1	0.1	0.15	0.1	0.15	0.05	0.1	0.15	0.15	0.1	0.05	0.1	0.15	0.09	-9
69	SG	0.45	0.5	0.55	0.5	0.45	0.45	0.45	0.45	0.45	0.5	0.45	0.45	0.55	0.45	0.55	0.55	0.50	1
70	AR	0.3	0.3	0.4	0.4	0.4	0.3	0.35	0.4	0.4	0.3	0.4	0.35	0.3	0.3	0.35	0.35	0.59	3
70	SI	0.15	0.1	0.1	0.15	0.15	0.1	0.15	0.15	0.15	0.15	0.1	0.15	0.05	0.15	0.05	0.15	0.36	-3
70	VB	0.65	0.6	0.6	0.65	0.6	0.55	0.6	0.55	0.55	0.6	0.6	0.65	0.6	0.6	0.6	0.55	0.50	1
70	SG	0.45	0.5	0.45	0.55	0.55	0.55	0.5	0.5	0.45	0.45	0.45	0.55	0.55	0.55	0.55	0.45	0.50	1
71	AR	0.35	0.35	0.4	0.35	0.35	0.35	0.4	0.3	0.3	0.35	0.3	0.3	0.4	0.4	0.35	0.35	0.36	-3
71	SI	0.35	0.4	0.3	0.4	0.4	0.3	0.3	0.35	0.3	0.3	0.3	0.3	0.35	0.35	0.3	0.3	0.36	-3
71	VB	0.1	0.1	0.05	0.15	0.1	0.1	0.1	0.05	0.05	0.1	0.05	0.05	0.1	0.05	0.15	0.05	0.09	-9
71	SG	0.3	0.35	0.35	0.4	0.3	0.4	0.4	0.35	0.3	0.35	0.4	0.4	0.35	0.35	0.35	0.35	0.36	-3
72	AR	0.45	0.5	0.45	0.4	0.5	0.5	0.4	0.4	0.5	0.45	0.5	0.5	0.4	0.5	0.45	0.4	0.45	-1
72	SI	0.25	0.25	0.2	0.25	0.25	0.25	0.25	0.2	0.25	0.25	0.25	0.15	0.2	0.15	0.15	0.2	0.18	-7
72	VB	0.05	0.05	0.05	0.1	0.15	0.1	0.1	0.1	0.05	0.15	0.1	0.1	0.15	0.15	0.15	0.05	0.09	-9
72	SG	0.3	0.2	0.25	0.2	0.3	0.2	0.3	0.2	0.25	0.2	0.25	0.3	0.25	0.3	0.3	0.25	0.2
